 &PARAM
 NZ      =        1050,
 PERIOD  = F,
 LZ      =   126.000000000000     ,
 LX      =   6.00000000000000     ,
 NX      =        1024,
 NK      =          41,
 NTH     =         128,
 DELTA   = -5.672233200000000E-002,
 A0_PEAK =  0.100000000000000     ,
 XCP     =   3.00000000000000     ,
 ALFA    =  3.000000000000000E-002,
 G_AMP   =   1.00000000000000     ,
 G_X0    =   2.09999996423721     ,
 G_X1    =   3.89999985694885     ,
 R0      =   1.00000000000000     ,
 R1      =   1.00000000000000     ,
 SIGMA   =  2.083333333333333E-004,
 GAMMA   =   1.00000000000000     ,
 XE      =   1.31999999284744     ,
 C       =  4.629629629629630E-006,
 X_OUT   =   3.00000000000000     ,
 INTRVL  =        1000,
 IN_TYPE =           6,
 RECOUNT = T,
 THOUT   = F,
 CENTRAL_MIRROR  = T,
 CONT    = F,
 AMP_ONLY        = T,
 IT_TODO =        1000,
 NORM    =  0.000000000000000E+000,
 OPS     = F,
 LAMBDA  =  0.300000000000000     ,
 S2K     = F
 /
